0 0 88 4 3 43 629 256 688 36 0 117 35 349 299 242 38 154 205 1565 950 808 4364 126 49 2 1631 3164 529 212 1943 30 0 53 169 3836 58 4049 15 5576 0 203
0 0 220 5 3 95 788 316 2799 3116 0 183 22 1021 236 3115 0 374 123 1947 1445 1188 3539 426 48 1 855 1183 1458 186 5449 58 0 117 1300 10 0 2465 3 7192 0 542
88 220 400 259 76 514 4794 1308 8750 18419 237 1708 185 3292 1765 668 560 2428 1801 7463 9521 8912 26485 847 355 28 5190 5901 11679 3888 12409 419 0 743 11004 2411 998 5462 290 36983 0 7156
4 5 259 0 3 29 105 40 462 60 36 141 19 3253 58 62 29 201 82 963 3408 707 618 481 31 3 409 7313 576 103 1037 196 0 153 203 1568 72 1465 0 5181 0 507
3 3 76 3 2 2 361 1 458 28 10 392 2 291 5 259 18 29 4 166 125 130 1210 41 12 0 132 227 273 11 1102 242 0 57 56 36 0 81 0 993 0 45
43 95 514 29 2 0 1692 41 1465 564 22 594 24 1201 49 356 124 45 44 379 1217 1167 985 6 32 1 236 1266 879 29 1783 32 0 19 767 931 5 586 0 3263 0 453
629 788 4794 105 361 1692 0 34 1704 32 295 1090 473 27 3 3 2434 1695 96 54 937 719 504 161 322 29 29 834 402 9 803 26 148 612 381 13 133 611 0 5149 0 795
256 316 1308 40 1 41 34 0 76 198 125 518 166 49 19 252 1569 360 12 275 64 93 463 7 63 7 70 167 238 17 218 9 6 120 23 238 5 42 0 1737 0 214
688 2799 8750 462 458 1465 1704 76 0 2716 2112 2518 1298 877 217 1242 5857 1921 368 601 2830 1035 11729 107 540 90 535 2133 1078 97 2011 134 1359 1023 840 1256 91 1803 1 13551 0 2870
36 3116 18419 60 28 564 32 198 2716 0 1732 1905 728 129 23 149 2675 840 27 189 545 678 3336 787 571 10 101 1035 464 13 2463 36 0 1572 3273 40 5 1063 0 12975 0 1507
0 0 237 36 10 22 295 125 2112 1732 0 297 13 908 515 324 0 173 527 2283 2206 2401 6287 103 34 1 1350 5314 3522 396 2460 130 0 114 1729 1630 78 1189 87 7979 0 537
117 183 1708 141 392 594 1090 518 2518 1905 297 10 392 1399 244 871 657 690 437 1029 850 1221 1877 9 129 30 1660 189 2207 125 3899 228 0 62 1788 2327 144 1667 160 7074 0 1378
35 22 185 19 2 24 473 166 1298 728 13 392 0 319 490 199 106 183 665 1636 1581 2008 1746 5 14 3 659 1023 1116 1348 3328 18 0 82 417 664 4 310 95 3977 0 193
349 1021 3292 3253 291 1201 27 49 877 129 908 1399 319 0 20 67 1707 873 27 120 718 205 1018 157 183 2 58 1805 576 11 1600 90 143 256 215 57 203 662 2 5952 0 492
299 236 1765 58 5 49 3 19 217 23 515 244 490 20 0 6 804 156 67 27 196 51 259 275 266 0 4 1100 64 1 103 4 135 366 86 52 117 426 7 1578 0 93
242 3115 668 62 259 356 3 252 1242 149 324 871 199 67 6 0 2706 3522 17 84 223 182 901 226 407 8 34 312 306 6 1421 23 16 1434 472 0 68 691 0 5085 0 957
38 0 560 29 18 124 2434 1569 5857 2675 0 657 106 1707 804 2706 0 831 407 3056 3482 3629 11047 5041 280 9 1375 4623 5683 1397 7567 489 0 303 2502 3701 204 5880 99 18280 0 881
154 374 2428 201 29 45 1695 360 1921 840 173 690 183 873 156 3522 831 16 167 1243 4759 1123 2193 13 83 31 1150 4042 2538 540 2719 220 0 22 1055 1616 85 1308 6 8136 0 1698
205 123 1801 82 4 44 96 12 368 27 527 437 665 27 67 17 407 167 0 31 72 99 480 16 21 77 17 411 52 5 95 6 49 149 65 34 2 82 0 1215 0 168
1565 1947 7463 963 166 379 54 275 601 189 2283 1029 1636 120 27 84 3056 1243 31 0 1250 154 874 541 501 10 102 1572 3068 554 2780 64 669 478 244 795 619 614 0 9122 0 640
950 1445 9521 3408 125 1217 937 64 2830 545 2206 850 1581 718 196 223 3482 4759 72 1250 0 463 788 113 1542 184 1506 630 996 80 1764 73 335 779 425 378 328 961 0 9699 0 1301
808 1188 8912 707 130 1167 719 93 1035 678 2401 1221 2008 205 51 182 3629 1123 99 154 463 0 525 114 882 58 1351 675 764 98 1067 54 36 860 320 339 174 946 0 7039 0 913
4364 3539 26485 618 1210 985 504 463 11729 3336 6287 1877 1746 1018 259 901 11047 2193 480 874 788 525 0 46 1991 220 406 628 3672 362 7431 156 2 1195 563 1027 388 1872 2 20014 0 2409
126 426 847 481 41 6 161 7 107 787 103 9 5 157 275 226 5041 13 16 541 113 114 46 0 23 1 111 70 168 10 441 29 0 0 10 205 14 178 0 2030 0 474
49 48 355 31 12 32 322 63 540 571 34 129 14 183 266 407 280 83 21 501 1542 882 1991 23 4 0 550 752 1522 208 980 133 0 21 586 135 17 690 14 2654 0 263
2 1 28 3 0 1 29 7 90 10 1 30 3 2 0 8 9 31 77 10 184 58 220 1 0 0 160 49 22 0 8 0 0 0 37 8 0 51 0 244 0 10
1631 855 5190 409 132 236 29 70 535 101 1350 1660 659 58 4 34 1375 1150 17 102 1506 1351 406 111 550 160 0 4080 1808 104 1222 22 119 484 398 86 72 563 0 7255 0 432
3164 1183 5901 7313 227 1266 834 167 2133 1035 5314 189 1023 1805 1100 312 4623 4042 411 1572 630 675 628 70 752 49 4080 0 740 117 3798 689 499 1193 412 496 44 725 1 12220 0 1116
529 1458 11679 576 273 879 402 238 1078 464 3522 2207 1116 576 64 306 5683 2538 52 3068 996 764 3672 168 1522 22 1808 740 0 59 10419 168 3 988 399 796 40 668 0 16664 0 1526
212 186 3888 103 11 29 9 17 97 13 396 125 1348 11 1 6 1397 540 5 554 80 98 362 10 208 0 104 117 59 0 320 2 321 304 36 7 0 112 0 2802 0 152
1943 5449 12409 1037 1102 1783 803 218 2011 2463 2460 3899 3328 1600 103 1421 7567 2719 95 2780 1764 1067 7431 441 980 8 1222 3798 10419 320 0 106 256 7520 232 1783 130 816 2 22442 0 2765
30 58 419 196 242 32 26 9 134 36 130 228 18 90 4 23 489 220 6 64 73 54 156 29 133 0 22 689 168 2 106 0 0 81 29 62 4 57 0 1037 0 136
0 0 0 0 0 0 148 6 1359 0 0 0 0 143 135 16 0 0 49 669 335 36 2 0 0 0 119 499 3 321 256 0 0 0 0 506 193 0 0 917 0 0
53 117 743 153 57 19 612 120 1023 1572 114 62 82 256 366 1434 303 22 149 478 779 860 1195 0 21 0 484 1193 988 304 7520 81 0 0 337 391 1834 375 111 4966 0 950
169 1300 11004 203 56 767 381 23 840 3273 1729 1788 417 215 86 472 2502 1055 65 244 425 320 563 10 586 37 398 412 399 36 232 29 0 337 0 253 180 277 0 6786 0 1583
3836 10 2411 1568 36 931 13 238 1256 40 1630 2327 664 57 52 0 3701 1616 34 795 378 339 1027 205 135 8 86 496 796 7 1783 62 506 391 253 0 0 2130 3 7039 0 1353
58 0 998 72 0 5 133 5 91 5 78 144 4 203 117 68 204 85 2 619 328 174 388 14 17 0 72 44 40 0 130 4 193 1834 180 0 0 66 0 1148 0 87
4049 2465 5462 1465 81 586 611 42 1803 1063 1189 1667 310 662 426 691 5880 1308 82 614 961 946 1872 178 690 51 563 725 668 112 816 57 0 375 277 2130 66 0 0 8916 0 1889
15 3 290 0 0 0 0 0 1 0 87 160 95 2 7 0 99 6 0 0 0 0 2 0 14 0 0 1 0 0 2 0 0 111 0 3 0 0 0 145 0 1
5576 7192 36983 5181 993 3263 5149 1737 13551 12975 7979 7074 3977 5952 1578 5085 18280 8136 1215 9122 9699 7039 20014 2030 2654 244 7255 12220 16664 2802 22442 1037 917 4966 6786 7039 1148 8916 145 23158 0 23637
0 0 0 0 0 0 0 0 0 0 0 0 0 0 0 0 0 0 0 0 0 0 0 0 0 0 0 0 0 0 0 0 0 0 0 0 0 0 0 0 0 0
203 542 7156 507 45 453 795 214 2870 1507 537 1378 193 492 93 957 881 1698 168 640 1301 913 2409 474 263 10 432 1116 1526 152 2765 136 0 950 1583 1353 87 1889 1 23637 0 20
